frame.time_relative,frame.len,ip.src,ip.dst,mqtt.msgtype,mqtt.qos,mqtt.topic,mqtt.msg,mqtt.msgid
0.000000000,75,172.19.0.6,172.19.0.5,8,,a0,,5
0.000119000,66,172.19.0.5,172.19.0.6,,,,,
0.000311000,75,172.19.0.6,172.19.0.5,8,,a1,,6
0.000352000,66,172.19.0.5,172.19.0.6,,,,,
0.000480000,75,172.19.0.5,172.19.0.4,8,,a0,,6
0.000546000,75,172.19.0.6,172.19.0.5,8,,a2,,7
0.000569000,66,172.19.0.5,172.19.0.6,,,,,
0.000613000,71,172.19.0.5,172.19.0.6,9,,,,5
0.000670000,66,172.19.0.6,172.19.0.5,,,,,
0.000742000,75,172.19.0.6,172.19.0.5,8,,a3,,8
0.000818000,71,172.19.0.5,172.19.0.6,9,,,,6
0.000875000,66,172.19.0.6,172.19.0.5,,,,,
0.000904000,75,172.19.0.6,172.19.0.5,8,,a4,,9
0.001003000,71,172.19.0.5,172.19.0.6,9,,,,7
0.001058000,66,172.19.0.6,172.19.0.5,,,,,
0.001082000,75,172.19.0.6,172.19.0.5,8,,a5,,10
0.001184000,71,172.19.0.5,172.19.0.6,9,,,,8
0.001259000,75,172.19.0.6,172.19.0.5,8,,a6,,11
0.001328000,71,172.19.0.5,172.19.0.6,9,,,,9
0.001418000,75,172.19.0.6,172.19.0.5,8,,a7,,12
0.001698000,71,172.19.0.4,172.19.0.5,9,,,,6
0.001746000,102,172.19.0.5,172.19.0.4,8^8^8^8,,a1^a2^a3^a4,,7^8^9^10
0.001878000,71,172.19.0.5,172.19.0.6,9,,,,10
0.001927000,71,172.19.0.4,172.19.0.5,9,,,,7
0.001940000,66,172.19.0.6,172.19.0.5,,,,,
0.001962000,75,172.19.0.5,172.19.0.4,8,,a5,,11
0.002106000,71,172.19.0.5,172.19.0.6,9,,,,11
0.002119000,71,172.19.0.4,172.19.0.5,9,,,,8
0.002154000,75,172.19.0.5,172.19.0.4,8,,a6,,12
0.002160000,66,172.19.0.6,172.19.0.5,,,,,
0.002199000,75,172.19.0.6,172.19.0.5,8,,a8,,13
0.002311000,71,172.19.0.4,172.19.0.5,9,,,,9
0.002320000,71,172.19.0.5,172.19.0.6,9,,,,12
0.002346000,75,172.19.0.5,172.19.0.4,8,,a7,,13
0.002398000,75,172.19.0.6,172.19.0.5,8,,a9,,14
0.002561000,71,172.19.0.4,172.19.0.5,9,,,,10
0.002573000,71,172.19.0.5,172.19.0.6,9,,,,13
0.002596000,75,172.19.0.5,172.19.0.4,8,,a8,,14
0.002638000,75,172.19.0.6,172.19.0.5,8,,b0,,15
0.002798000,71,172.19.0.5,172.19.0.6,9,,,,14
0.002855000,71,172.19.0.4,172.19.0.5,9,,,,11
0.002863000,102,172.19.0.6,172.19.0.5,8^8^8^8,,b1^b2^b3^b4,,16^17^18^19
0.002888000,75,172.19.0.5,172.19.0.4,8,,a9,,15
0.003031000,71,172.19.0.5,172.19.0.6,9,,,,15
0.003096000,120,172.19.0.6,172.19.0.5,8^8^8^8^8^8,,b5^b6^b7^b8^b9^c0,,20^21^22^23^24^25
0.003124000,71,172.19.0.4,172.19.0.5,9,,,,12
0.003158000,75,172.19.0.5,172.19.0.4,8,,b0,,16
0.003289000,71,172.19.0.5,172.19.0.6,9,,,,16
0.003354000,120,172.19.0.6,172.19.0.5,8^8^8^8^8^8,,c1^c2^c3^c4^c5^c6,,26^27^28^29^30^31
0.003407000,71,172.19.0.4,172.19.0.5,9,,,,13
0.003457000,75,172.19.0.5,172.19.0.4,8,,b1,,17
0.003614000,71,172.19.0.5,172.19.0.6,9,,,,17
0.003630000,71,172.19.0.4,172.19.0.5,9,,,,14
0.003665000,75,172.19.0.5,172.19.0.4,8,,b2,,18
0.003679000,129,172.19.0.6,172.19.0.5,8^8^8^8^8^8^8,,c7^c8^c9^d0^d1^d2^d3,,32^33^34^35^36^37^38
0.003841000,71,172.19.0.5,172.19.0.6,9,,,,18
0.003856000,71,172.19.0.4,172.19.0.5,9,,,,15
0.003890000,75,172.19.0.5,172.19.0.4,8,,b3,,19
0.003948000,120,172.19.0.6,172.19.0.5,8^8^8^8^8^8,,d4^d5^d6^d7^d8^d9,,39^40^41^42^43^44
0.004111000,71,172.19.0.5,172.19.0.6,9,,,,19
0.004115000,71,172.19.0.4,172.19.0.5,9,,,,16
0.004149000,75,172.19.0.5,172.19.0.4,8,,b4,,20
0.004177000,120,172.19.0.6,172.19.0.5,8^8^8^8^8^8,,e0^e1^e2^e3^e4^e5,,45^46^47^48^49^50
0.004350000,71,172.19.0.5,172.19.0.6,9,,,,20
0.004412000,71,172.19.0.4,172.19.0.5,9,,,,17
0.004442000,102,172.19.0.6,172.19.0.5,8^8^8^8,,e6^e7^e8^e9,,51^52^53^54
0.004459000,75,172.19.0.5,172.19.0.4,8,,b5,,21
0.004608000,71,172.19.0.5,172.19.0.6,9,,,,21
0.004655000,71,172.19.0.4,172.19.0.5,9,,,,18
0.004699000,75,172.19.0.5,172.19.0.4,8,,b6,,22
0.004823000,71,172.19.0.4,172.19.0.5,9,,,,19
0.004857000,75,172.19.0.5,172.19.0.4,8,,b7,,23
0.005063000,71,172.19.0.4,172.19.0.5,9,,,,20
0.005097000,75,172.19.0.5,172.19.0.4,8,,b8,,24
0.005288000,71,172.19.0.4,172.19.0.5,9,,,,21
0.005321000,84,172.19.0.5,172.19.0.4,8^8,,b9^c0,,25^26
0.005769000,71,172.19.0.4,172.19.0.5,9,,,,22
0.005803000,93,172.19.0.5,172.19.0.4,8^8^8,,c1^c2^c3,,27^28^29
0.006044000,71,172.19.0.4,172.19.0.5,9,,,,23
0.006078000,84,172.19.0.5,172.19.0.4,8^8,,c4^c5,,30^31
0.006364000,71,172.19.0.4,172.19.0.5,9,,,,24
0.006413000,84,172.19.0.5,172.19.0.4,8^8,,c6^c7,,32^33
0.006792000,71,172.19.0.4,172.19.0.5,9,,,,25
0.006851000,93,172.19.0.5,172.19.0.4,8^8^8,,c8^c9^d0,,34^35^36
0.006930000,66,172.19.0.6,172.19.0.5,,,,,
0.006975000,136,172.19.0.5,172.19.0.6,9^9^9^9^9^9^9^9^9^9^9^9^9^9,,,,22^23^24^25^26^27^28^29^30^31^32^33^34^35
0.007151000,71,172.19.0.4,172.19.0.5,9,,,,26
0.007194000,75,172.19.0.5,172.19.0.4,8,,d1,,37
0.007571000,71,172.19.0.4,172.19.0.5,9,,,,27
0.007616000,84,172.19.0.5,172.19.0.4,8^8,,d2^d3,,38^39
0.007900000,71,172.19.0.4,172.19.0.5,9,,,,28
0.007944000,84,172.19.0.5,172.19.0.4,8^8,,d4^d5,,40^41
0.008250000,71,172.19.0.4,172.19.0.5,9,,,,29
0.008293000,84,172.19.0.5,172.19.0.4,8^8,,d6^d7,,42^43
0.008594000,71,172.19.0.4,172.19.0.5,9,,,,30
0.008637000,93,172.19.0.5,172.19.0.4,8^8^8,,d8^d9^e0,,44^45^46
0.008945000,71,172.19.0.4,172.19.0.5,9,,,,31
0.008987000,93,172.19.0.5,172.19.0.4,8^8^8,,e1^e2^e3,,47^48^49
0.009186000,66,172.19.0.6,172.19.0.5,,,,,
0.009229000,71,172.19.0.4,172.19.0.5,9,,,,32
0.009232000,136,172.19.0.5,172.19.0.6,9^9^9^9^9^9^9^9^9^9^9^9^9^9,,,,36^37^38^39^40^41^42^43^44^45^46^47^48^49
0.009272000,84,172.19.0.5,172.19.0.4,8^8,,e4^e5,,50^51
0.009766000,71,172.19.0.4,172.19.0.5,9,,,,33
0.009816000,93,172.19.0.5,172.19.0.4,8^8^8,,e6^e7^e8,,52^53^54
0.009994000,71,172.19.0.4,172.19.0.5,9,,,,34
0.010048000,75,172.19.0.5,172.19.0.4,8,,e9,,55
0.010174000,71,172.19.0.4,172.19.0.5,9,,,,35
0.011285000,66,172.19.0.6,172.19.0.5,,,,,
0.011321000,91,172.19.0.5,172.19.0.6,9^9^9^9^9,,,,50^51^52^53^54
0.012008000,66,172.19.0.6,172.19.0.5,,,,,
0.012296000,151,172.19.0.4,172.19.0.5,9^9^9^9^9^9^9^9^9^9^9^9^9^9^9^9^9,,,,36^37^38^39^40^41^42^43^44^45^46^47^48^49^50^51^52
0.013699000,66,172.19.0.5,172.19.0.4,,,,,
0.013777000,81,172.19.0.4,172.19.0.5,9^9^9,,,,53^54^55
0.054326000,66,172.19.0.5,172.19.0.4,,,,,
5.296050000,76,172.19.0.4,172.19.0.5,3,1,a0,3731,1
5.296143000,66,172.19.0.5,172.19.0.4,,,,,
5.296266000,76,172.19.0.5,172.19.0.6,3,1,a0,3731,1
5.296384000,66,172.19.0.6,172.19.0.5,,,,,
5.296429000,70,172.19.0.5,172.19.0.4,4,,,,1
5.296952000,70,172.19.0.6,172.19.0.5,4,,,,1
5.338131000,66,172.19.0.5,172.19.0.6,,,,,
5.338274000,66,172.19.0.4,172.19.0.5,,,,,
6.296698000,76,172.19.0.4,172.19.0.5,3,1,a0,3335,2
6.296772000,66,172.19.0.5,172.19.0.4,,,,,
6.297100000,76,172.19.0.5,172.19.0.6,3,1,a0,3335,2
6.297255000,66,172.19.0.6,172.19.0.5,,,,,
6.297302000,70,172.19.0.5,172.19.0.4,4,,,,2
6.297397000,66,172.19.0.4,172.19.0.5,,,,,
6.297692000,70,172.19.0.6,172.19.0.5,4,,,,2
6.297717000,66,172.19.0.5,172.19.0.6,,,,,
7.298564000,76,172.19.0.4,172.19.0.5,3,1,a0,3238,3
7.298636000,66,172.19.0.5,172.19.0.4,,,,,
7.298935000,76,172.19.0.5,172.19.0.6,3,1,a0,3238,3
7.299099000,70,172.19.0.5,172.19.0.4,4,,,,3
7.299195000,66,172.19.0.4,172.19.0.5,,,,,
7.299469000,70,172.19.0.6,172.19.0.5,4,,,,3
7.299497000,66,172.19.0.5,172.19.0.6,,,,,
8.299656000,76,172.19.0.4,172.19.0.5,3,1,a0,3633,4
8.300146000,76,172.19.0.5,172.19.0.6,3,1,a0,3633,4
8.300346000,70,172.19.0.5,172.19.0.4,4,,,,4
8.300486000,66,172.19.0.4,172.19.0.5,,,,,
8.300687000,70,172.19.0.6,172.19.0.5,4,,,,4
8.300710000,66,172.19.0.5,172.19.0.6,,,,,
9.305201000,76,172.19.0.4,172.19.0.5,3,1,a0,3532,5
9.306709000,76,172.19.0.5,172.19.0.6,3,1,a0,3532,5
9.306861000,70,172.19.0.5,172.19.0.4,4,,,,5
9.307057000,66,172.19.0.4,172.19.0.5,,,,,
9.307963000,70,172.19.0.6,172.19.0.5,4,,,,5
9.308011000,66,172.19.0.5,172.19.0.6,,,,,
10.301072000,76,172.19.0.4,172.19.0.5,3,1,a0,3730,6
10.302284000,76,172.19.0.5,172.19.0.6,3,1,a0,3730,6
10.302427000,70,172.19.0.5,172.19.0.4,4,,,,6
10.302530000,66,172.19.0.4,172.19.0.5,,,,,
10.303389000,70,172.19.0.6,172.19.0.5,4,,,,6
10.303412000,66,172.19.0.5,172.19.0.6,,,,,
11.303350000,76,172.19.0.4,172.19.0.5,3,1,a0,3233,7
11.304321000,76,172.19.0.5,172.19.0.6,3,1,a0,3233,7
11.304453000,70,172.19.0.5,172.19.0.4,4,,,,7
11.304553000,66,172.19.0.4,172.19.0.5,,,,,
11.305352000,70,172.19.0.6,172.19.0.5,4,,,,7
11.305375000,66,172.19.0.5,172.19.0.6,,,,,
12.304846000,76,172.19.0.4,172.19.0.5,3,1,a0,3931,8
12.305066000,76,172.19.0.5,172.19.0.6,3,1,a0,3931,8
12.305169000,70,172.19.0.5,172.19.0.4,4,,,,8
12.305223000,66,172.19.0.4,172.19.0.5,,,,,
12.305859000,70,172.19.0.6,172.19.0.5,4,,,,8
12.305884000,66,172.19.0.5,172.19.0.6,,,,,
13.305265000,76,172.19.0.4,172.19.0.5,3,1,a0,3635,9
13.305615000,76,172.19.0.5,172.19.0.6,3,1,a0,3635,9
13.305719000,70,172.19.0.5,172.19.0.4,4,,,,9
13.305820000,66,172.19.0.4,172.19.0.5,,,,,
13.306100000,70,172.19.0.6,172.19.0.5,4,,,,9
13.306124000,66,172.19.0.5,172.19.0.6,,,,,
14.306020000,76,172.19.0.4,172.19.0.5,3,1,a0,3634,10
14.306326000,76,172.19.0.5,172.19.0.6,3,1,a0,3634,10
14.306469000,70,172.19.0.5,172.19.0.4,4,,,,10
14.306571000,66,172.19.0.4,172.19.0.5,,,,,
14.306768000,70,172.19.0.6,172.19.0.5,4,,,,10
14.306792000,66,172.19.0.5,172.19.0.6,,,,,
15.307696000,76,172.19.0.4,172.19.0.5,3,1,a0,3230,11
15.308027000,76,172.19.0.5,172.19.0.6,3,1,a0,3230,11
15.308133000,70,172.19.0.5,172.19.0.4,4,,,,11
15.308243000,66,172.19.0.4,172.19.0.5,,,,,
15.308404000,70,172.19.0.6,172.19.0.5,4,,,,11
15.308427000,66,172.19.0.5,172.19.0.6,,,,,
16.309542000,76,172.19.0.4,172.19.0.5,3,1,a0,3137,12
16.310144000,76,172.19.0.5,172.19.0.6,3,1,a0,3137,12
16.310257000,70,172.19.0.5,172.19.0.4,4,,,,12
16.310357000,66,172.19.0.4,172.19.0.5,,,,,
16.310573000,70,172.19.0.6,172.19.0.5,4,,,,12
16.310599000,66,172.19.0.5,172.19.0.6,,,,,
17.310652000,76,172.19.0.4,172.19.0.5,3,1,a0,3533,13
17.310984000,76,172.19.0.5,172.19.0.6,3,1,a0,3533,13
17.311145000,70,172.19.0.5,172.19.0.4,4,,,,13
17.311269000,66,172.19.0.4,172.19.0.5,,,,,
17.311554000,70,172.19.0.6,172.19.0.5,4,,,,13
17.311576000,66,172.19.0.5,172.19.0.6,,,,,
18.314315000,76,172.19.0.4,172.19.0.5,3,1,a0,3935,14
18.315326000,76,172.19.0.5,172.19.0.6,3,1,a0,3935,14
18.315451000,70,172.19.0.5,172.19.0.4,4,,,,14
18.315537000,66,172.19.0.4,172.19.0.5,,,,,
18.316025000,70,172.19.0.6,172.19.0.5,4,,,,14
18.316048000,66,172.19.0.5,172.19.0.6,,,,,
19.313388000,76,172.19.0.4,172.19.0.5,3,1,a0,3334,15
19.313867000,76,172.19.0.5,172.19.0.6,3,1,a0,3334,15
19.314001000,70,172.19.0.5,172.19.0.4,4,,,,15
19.314136000,66,172.19.0.4,172.19.0.5,,,,,
19.314643000,70,172.19.0.6,172.19.0.5,4,,,,15
19.314668000,66,172.19.0.5,172.19.0.6,,,,,
20.312574000,76,172.19.0.4,172.19.0.5,3,1,a0,3636,16
20.312918000,76,172.19.0.5,172.19.0.6,3,1,a0,3636,16
20.313022000,70,172.19.0.5,172.19.0.4,4,,,,16
20.313152000,66,172.19.0.4,172.19.0.5,,,,,
20.313585000,70,172.19.0.6,172.19.0.5,4,,,,16
20.313610000,66,172.19.0.5,172.19.0.6,,,,,
21.313625000,76,172.19.0.4,172.19.0.5,3,1,a0,3538,17
21.313778000,76,172.19.0.5,172.19.0.6,3,1,a0,3538,17
21.313911000,70,172.19.0.5,172.19.0.4,4,,,,17
21.313960000,66,172.19.0.4,172.19.0.5,,,,,
21.314253000,70,172.19.0.6,172.19.0.5,4,,,,17
21.314278000,66,172.19.0.5,172.19.0.6,,,,,
22.314579000,76,172.19.0.4,172.19.0.5,3,1,a0,3534,18
22.314955000,76,172.19.0.5,172.19.0.6,3,1,a0,3534,18
22.315070000,70,172.19.0.5,172.19.0.4,4,,,,18
22.315193000,66,172.19.0.4,172.19.0.5,,,,,
22.315488000,70,172.19.0.6,172.19.0.5,4,,,,18
22.315515000,66,172.19.0.5,172.19.0.6,,,,,
23.316356000,76,172.19.0.4,172.19.0.5,3,1,a0,3336,19
23.316628000,76,172.19.0.5,172.19.0.6,3,1,a0,3336,19
23.316726000,70,172.19.0.5,172.19.0.4,4,,,,19
23.316824000,66,172.19.0.4,172.19.0.5,,,,,
23.317099000,70,172.19.0.6,172.19.0.5,4,,,,19
23.317121000,66,172.19.0.5,172.19.0.6,,,,,
24.316865000,76,172.19.0.4,172.19.0.5,3,1,a0,3636,20
24.317872000,76,172.19.0.5,172.19.0.6,3,1,a0,3636,20
24.318021000,70,172.19.0.5,172.19.0.4,4,,,,20
24.318134000,66,172.19.0.4,172.19.0.5,,,,,
24.318421000,70,172.19.0.6,172.19.0.5,4,,,,20
24.318484000,66,172.19.0.5,172.19.0.6,,,,,
25.319221000,76,172.19.0.4,172.19.0.5,3,1,a0,3830,21
25.320626000,76,172.19.0.5,172.19.0.6,3,1,a0,3830,21
25.320743000,70,172.19.0.5,172.19.0.4,4,,,,21
25.320837000,66,172.19.0.4,172.19.0.5,,,,,
25.321626000,70,172.19.0.6,172.19.0.5,4,,,,21
25.321651000,66,172.19.0.5,172.19.0.6,,,,,
26.321407000,76,172.19.0.4,172.19.0.5,3,1,a0,3231,22
26.322591000,76,172.19.0.5,172.19.0.6,3,1,a0,3231,22
26.322715000,70,172.19.0.5,172.19.0.4,4,,,,22
26.322836000,66,172.19.0.4,172.19.0.5,,,,,
26.323125000,70,172.19.0.6,172.19.0.5,4,,,,22
26.323149000,66,172.19.0.5,172.19.0.6,,,,,
27.321656000,75,172.19.0.4,172.19.0.5,3,1,a0,39,23
27.322128000,75,172.19.0.5,172.19.0.6,3,1,a0,39,23
27.322245000,70,172.19.0.5,172.19.0.4,4,,,,23
27.322348000,66,172.19.0.4,172.19.0.5,,,,,
27.322732000,70,172.19.0.6,172.19.0.5,4,,,,23
27.322755000,66,172.19.0.5,172.19.0.6,,,,,
28.320625000,76,172.19.0.4,172.19.0.5,3,1,a0,3330,24
28.321028000,76,172.19.0.5,172.19.0.6,3,1,a0,3330,24
28.321151000,70,172.19.0.5,172.19.0.4,4,,,,24
28.321248000,66,172.19.0.4,172.19.0.5,,,,,
28.322914000,70,172.19.0.6,172.19.0.5,4,,,,24
28.322940000,66,172.19.0.5,172.19.0.6,,,,,
29.321143000,76,172.19.0.4,172.19.0.5,3,1,a0,3131,25
29.321554000,76,172.19.0.5,172.19.0.6,3,1,a0,3131,25
29.321682000,70,172.19.0.5,172.19.0.4,4,,,,25
29.321779000,66,172.19.0.4,172.19.0.5,,,,,
29.322332000,70,172.19.0.6,172.19.0.5,4,,,,25
29.322357000,66,172.19.0.5,172.19.0.6,,,,,
30.321638000,76,172.19.0.4,172.19.0.5,3,1,a0,3339,26
30.322013000,76,172.19.0.5,172.19.0.6,3,1,a0,3339,26
30.322141000,70,172.19.0.5,172.19.0.4,4,,,,26
30.322245000,66,172.19.0.4,172.19.0.5,,,,,
30.322478000,70,172.19.0.6,172.19.0.5,4,,,,26
30.322502000,66,172.19.0.5,172.19.0.6,,,,,
31.322392000,76,172.19.0.4,172.19.0.5,3,1,a0,3932,27
31.322711000,76,172.19.0.5,172.19.0.6,3,1,a0,3932,27
31.322821000,70,172.19.0.5,172.19.0.4,4,,,,27
31.322942000,66,172.19.0.4,172.19.0.5,,,,,
31.323087000,70,172.19.0.6,172.19.0.5,4,,,,27
31.323110000,66,172.19.0.5,172.19.0.6,,,,,
32.323933000,76,172.19.0.4,172.19.0.5,3,1,a0,3439,28
32.325614000,76,172.19.0.5,172.19.0.6,3,1,a0,3439,28
32.325710000,70,172.19.0.5,172.19.0.4,4,,,,28
32.325832000,66,172.19.0.4,172.19.0.5,,,,,
32.326657000,70,172.19.0.6,172.19.0.5,4,,,,28
32.326682000,66,172.19.0.5,172.19.0.6,,,,,
33.323841000,76,172.19.0.4,172.19.0.5,3,1,a0,3433,29
33.324158000,76,172.19.0.5,172.19.0.6,3,1,a0,3433,29
33.324281000,70,172.19.0.5,172.19.0.4,4,,,,29
33.324437000,66,172.19.0.4,172.19.0.5,,,,,
33.324799000,70,172.19.0.6,172.19.0.5,4,,,,29
33.324825000,66,172.19.0.5,172.19.0.6,,,,,
34.327180000,76,172.19.0.4,172.19.0.5,3,1,a0,3431,30
34.327711000,76,172.19.0.5,172.19.0.6,3,1,a0,3431,30
34.327842000,70,172.19.0.5,172.19.0.4,4,,,,30
34.327942000,66,172.19.0.4,172.19.0.5,,,,,
34.328536000,70,172.19.0.6,172.19.0.5,4,,,,30
34.328564000,66,172.19.0.5,172.19.0.6,,,,,
35.327053000,76,172.19.0.4,172.19.0.5,3,1,a0,3932,31
35.327447000,76,172.19.0.5,172.19.0.6,3,1,a0,3932,31
35.327577000,70,172.19.0.5,172.19.0.4,4,,,,31
35.327680000,66,172.19.0.4,172.19.0.5,,,,,
35.327980000,70,172.19.0.6,172.19.0.5,4,,,,31
35.328003000,66,172.19.0.5,172.19.0.6,,,,,
36.327533000,76,172.19.0.4,172.19.0.5,3,1,a0,3134,32
36.327695000,76,172.19.0.5,172.19.0.6,3,1,a0,3134,32
36.327822000,70,172.19.0.5,172.19.0.4,4,,,,32
36.327873000,66,172.19.0.4,172.19.0.5,,,,,
36.328142000,70,172.19.0.6,172.19.0.5,4,,,,32
36.328167000,66,172.19.0.5,172.19.0.6,,,,,
37.327576000,76,172.19.0.4,172.19.0.5,3,1,a0,3239,33
37.327830000,76,172.19.0.5,172.19.0.6,3,1,a0,3239,33
37.327936000,70,172.19.0.5,172.19.0.4,4,,,,33
37.328061000,66,172.19.0.4,172.19.0.5,,,,,
37.328462000,70,172.19.0.6,172.19.0.5,4,,,,33
37.328484000,66,172.19.0.5,172.19.0.6,,,,,
38.328759000,76,172.19.0.4,172.19.0.5,3,1,a0,3231,34
38.329127000,76,172.19.0.5,172.19.0.6,3,1,a0,3231,34
38.329272000,70,172.19.0.5,172.19.0.4,4,,,,34
38.329500000,66,172.19.0.4,172.19.0.5,,,,,
38.329761000,70,172.19.0.6,172.19.0.5,4,,,,34
38.329786000,66,172.19.0.5,172.19.0.6,,,,,
39.330408000,76,172.19.0.4,172.19.0.5,3,1,a0,3239,35
39.331554000,76,172.19.0.5,172.19.0.6,3,1,a0,3239,35
39.331705000,70,172.19.0.5,172.19.0.4,4,,,,35
39.331817000,66,172.19.0.4,172.19.0.5,,,,,
39.332927000,70,172.19.0.6,172.19.0.5,4,,,,35
39.332954000,66,172.19.0.5,172.19.0.6,,,,,
40.330500000,76,172.19.0.4,172.19.0.5,3,1,a0,3831,36
40.331374000,76,172.19.0.5,172.19.0.6,3,1,a0,3831,36
40.331532000,70,172.19.0.5,172.19.0.4,4,,,,36
40.331641000,66,172.19.0.4,172.19.0.5,,,,,
40.332608000,70,172.19.0.6,172.19.0.5,4,,,,36
40.332635000,66,172.19.0.5,172.19.0.6,,,,,
41.335333000,76,172.19.0.4,172.19.0.5,3,1,a0,3433,37
41.335858000,76,172.19.0.5,172.19.0.6,3,1,a0,3433,37
41.335972000,70,172.19.0.5,172.19.0.4,4,,,,37
41.336093000,66,172.19.0.4,172.19.0.5,,,,,
41.336851000,70,172.19.0.6,172.19.0.5,4,,,,37
41.336876000,66,172.19.0.5,172.19.0.6,,,,,
42.333692000,76,172.19.0.4,172.19.0.5,3,1,a0,3532,38
42.334719000,76,172.19.0.5,172.19.0.6,3,1,a0,3532,38
42.334896000,70,172.19.0.5,172.19.0.4,4,,,,38
42.334990000,66,172.19.0.4,172.19.0.5,,,,,
42.335457000,70,172.19.0.6,172.19.0.5,4,,,,38
42.335483000,66,172.19.0.5,172.19.0.6,,,,,
43.332490000,76,172.19.0.4,172.19.0.5,3,1,a0,3234,39
43.332871000,76,172.19.0.5,172.19.0.6,3,1,a0,3234,39
43.332996000,70,172.19.0.5,172.19.0.4,4,,,,39
43.333105000,66,172.19.0.4,172.19.0.5,,,,,
43.333436000,70,172.19.0.6,172.19.0.5,4,,,,39
43.333463000,66,172.19.0.5,172.19.0.6,,,,,
44.333814000,76,172.19.0.4,172.19.0.5,3,1,a0,3630,40
44.334165000,76,172.19.0.5,172.19.0.6,3,1,a0,3630,40
44.334313000,70,172.19.0.5,172.19.0.4,4,,,,40
44.334405000,66,172.19.0.4,172.19.0.5,,,,,
44.334695000,70,172.19.0.6,172.19.0.5,4,,,,40
44.334720000,66,172.19.0.5,172.19.0.6,,,,,
45.334854000,76,172.19.0.4,172.19.0.5,3,1,a0,3137,41
45.335044000,76,172.19.0.5,172.19.0.6,3,1,a0,3137,41
45.335159000,70,172.19.0.5,172.19.0.4,4,,,,41
45.335252000,66,172.19.0.4,172.19.0.5,,,,,
45.335567000,70,172.19.0.6,172.19.0.5,4,,,,41
45.335593000,66,172.19.0.5,172.19.0.6,,,,,
46.337984000,76,172.19.0.4,172.19.0.5,3,1,a0,3434,42
46.339728000,76,172.19.0.5,172.19.0.6,3,1,a0,3434,42
46.339850000,70,172.19.0.5,172.19.0.4,4,,,,42
46.339967000,66,172.19.0.4,172.19.0.5,,,,,
46.340467000,70,172.19.0.6,172.19.0.5,4,,,,42
46.340495000,66,172.19.0.5,172.19.0.6,,,,,
47.337175000,76,172.19.0.4,172.19.0.5,3,1,a0,3737,43
47.337930000,76,172.19.0.5,172.19.0.6,3,1,a0,3737,43
47.338090000,70,172.19.0.5,172.19.0.4,4,,,,43
47.338221000,66,172.19.0.4,172.19.0.5,,,,,
47.338504000,70,172.19.0.6,172.19.0.5,4,,,,43
47.338530000,66,172.19.0.5,172.19.0.6,,,,,
48.338337000,76,172.19.0.4,172.19.0.5,3,1,a0,3730,44
48.338750000,76,172.19.0.5,172.19.0.6,3,1,a0,3730,44
48.338894000,70,172.19.0.5,172.19.0.4,4,,,,44
48.338995000,66,172.19.0.4,172.19.0.5,,,,,
48.340702000,70,172.19.0.6,172.19.0.5,4,,,,44
48.340728000,66,172.19.0.5,172.19.0.6,,,,,
49.339573000,76,172.19.0.4,172.19.0.5,3,1,a0,3932,45
49.340026000,76,172.19.0.5,172.19.0.6,3,1,a0,3932,45
49.340158000,70,172.19.0.5,172.19.0.4,4,,,,45
49.340284000,66,172.19.0.4,172.19.0.5,,,,,
49.340822000,70,172.19.0.6,172.19.0.5,4,,,,45
49.340847000,66,172.19.0.5,172.19.0.6,,,,,
50.341225000,76,172.19.0.4,172.19.0.5,3,1,a0,3633,46
50.342152000,76,172.19.0.5,172.19.0.6,3,1,a0,3633,46
50.342265000,70,172.19.0.5,172.19.0.4,4,,,,46
50.342348000,66,172.19.0.4,172.19.0.5,,,,,
50.342639000,70,172.19.0.6,172.19.0.5,4,,,,46
50.342660000,66,172.19.0.5,172.19.0.6,,,,,
51.341082000,76,172.19.0.4,172.19.0.5,3,1,a0,3838,47
51.341610000,76,172.19.0.5,172.19.0.6,3,1,a0,3838,47
51.341765000,70,172.19.0.5,172.19.0.4,4,,,,47
51.341877000,66,172.19.0.4,172.19.0.5,,,,,
51.342059000,70,172.19.0.6,172.19.0.5,4,,,,47
51.342084000,66,172.19.0.5,172.19.0.6,,,,,
52.341461000,75,172.19.0.4,172.19.0.5,3,1,a0,32,48
52.341785000,75,172.19.0.5,172.19.0.6,3,1,a0,32,48
52.341885000,70,172.19.0.5,172.19.0.4,4,,,,48
52.341995000,66,172.19.0.4,172.19.0.5,,,,,
52.342423000,70,172.19.0.6,172.19.0.5,4,,,,48
52.342448000,66,172.19.0.5,172.19.0.6,,,,,
53.342255000,76,172.19.0.4,172.19.0.5,3,1,a0,3730,49
53.342596000,76,172.19.0.5,172.19.0.6,3,1,a0,3730,49
53.342738000,70,172.19.0.5,172.19.0.4,4,,,,49
53.342836000,66,172.19.0.4,172.19.0.5,,,,,
53.343421000,70,172.19.0.6,172.19.0.5,4,,,,49
53.343443000,66,172.19.0.5,172.19.0.6,,,,,
54.344604000,76,172.19.0.4,172.19.0.5,3,1,a0,3234,50
54.345261000,76,172.19.0.5,172.19.0.6,3,1,a0,3234,50
54.345461000,70,172.19.0.5,172.19.0.4,4,,,,50
54.345836000,66,172.19.0.4,172.19.0.5,,,,,
54.346011000,70,172.19.0.6,172.19.0.5,4,,,,50
54.346073000,66,172.19.0.5,172.19.0.6,,,,,
55.344060000,76,172.19.0.4,172.19.0.5,3,1,a0,3638,51
55.344386000,76,172.19.0.5,172.19.0.6,3,1,a0,3638,51
55.344501000,70,172.19.0.5,172.19.0.4,4,,,,51
55.344622000,66,172.19.0.4,172.19.0.5,,,,,
55.345071000,70,172.19.0.6,172.19.0.5,4,,,,51
55.345110000,66,172.19.0.5,172.19.0.6,,,,,
56.346462000,76,172.19.0.4,172.19.0.5,3,1,a0,3530,52
56.347002000,76,172.19.0.5,172.19.0.6,3,1,a0,3530,52
56.347113000,70,172.19.0.5,172.19.0.4,4,,,,52
56.347210000,66,172.19.0.4,172.19.0.5,,,,,
56.347657000,70,172.19.0.6,172.19.0.5,4,,,,52
56.347680000,66,172.19.0.5,172.19.0.6,,,,,
57.347469000,76,172.19.0.4,172.19.0.5,3,1,a0,3436,53
57.347779000,76,172.19.0.5,172.19.0.6,3,1,a0,3436,53
57.347882000,70,172.19.0.5,172.19.0.4,4,,,,53
57.347998000,66,172.19.0.4,172.19.0.5,,,,,
57.348470000,70,172.19.0.6,172.19.0.5,4,,,,53
57.348496000,66,172.19.0.5,172.19.0.6,,,,,
58.349042000,76,172.19.0.4,172.19.0.5,3,1,a0,3239,54
58.349482000,76,172.19.0.5,172.19.0.6,3,1,a0,3239,54
58.349575000,70,172.19.0.5,172.19.0.4,4,,,,54
58.349684000,66,172.19.0.4,172.19.0.5,,,,,
58.350605000,70,172.19.0.6,172.19.0.5,4,,,,54
58.350631000,66,172.19.0.5,172.19.0.6,,,,,
59.348115000,76,172.19.0.4,172.19.0.5,3,1,a0,3830,55
59.348307000,76,172.19.0.5,172.19.0.6,3,1,a0,3830,55
59.348437000,70,172.19.0.5,172.19.0.4,4,,,,55
59.348508000,66,172.19.0.4,172.19.0.5,,,,,
59.348956000,70,172.19.0.6,172.19.0.5,4,,,,55
59.349002000,66,172.19.0.5,172.19.0.6,,,,,
60.349375000,75,172.19.0.4,172.19.0.5,3,1,a0,39,56
60.349697000,75,172.19.0.5,172.19.0.6,3,1,a0,39,56
60.349794000,70,172.19.0.5,172.19.0.4,4,,,,56
60.349889000,66,172.19.0.4,172.19.0.5,,,,,
60.350097000,70,172.19.0.6,172.19.0.5,4,,,,56
60.350137000,66,172.19.0.5,172.19.0.6,,,,,
61.349928000,76,172.19.0.4,172.19.0.5,3,1,a0,3638,57
61.350701000,76,172.19.0.5,172.19.0.6,3,1,a0,3638,57
61.350840000,70,172.19.0.5,172.19.0.4,4,,,,57
61.350936000,66,172.19.0.4,172.19.0.5,,,,,
61.351451000,70,172.19.0.6,172.19.0.5,4,,,,57
61.351473000,66,172.19.0.5,172.19.0.6,,,,,
62.355477000,76,172.19.0.4,172.19.0.5,3,1,a0,3234,58
62.356496000,76,172.19.0.5,172.19.0.6,3,1,a0,3234,58
62.356597000,70,172.19.0.5,172.19.0.4,4,,,,58
62.356697000,66,172.19.0.4,172.19.0.5,,,,,
62.357722000,70,172.19.0.6,172.19.0.5,4,,,,58
62.357746000,66,172.19.0.5,172.19.0.6,,,,,
63.352308000,76,172.19.0.4,172.19.0.5,3,1,a0,3130,59
63.352629000,76,172.19.0.5,172.19.0.6,3,1,a0,3130,59
63.352781000,70,172.19.0.5,172.19.0.4,4,,,,59
63.352898000,66,172.19.0.4,172.19.0.5,,,,,
63.353163000,70,172.19.0.6,172.19.0.5,4,,,,59
63.353186000,66,172.19.0.5,172.19.0.6,,,,,
64.354018000,76,172.19.0.4,172.19.0.5,3,1,a0,3633,60
64.354382000,76,172.19.0.5,172.19.0.6,3,1,a0,3633,60
64.354601000,70,172.19.0.5,172.19.0.4,4,,,,60
64.354832000,66,172.19.0.4,172.19.0.5,,,,,
64.355187000,70,172.19.0.6,172.19.0.5,4,,,,60
64.355234000,66,172.19.0.5,172.19.0.6,,,,,
65.355813000,76,172.19.0.4,172.19.0.5,3,1,a0,3138,61
65.356712000,76,172.19.0.5,172.19.0.6,3,1,a0,3138,61
65.356902000,70,172.19.0.5,172.19.0.4,4,,,,61
65.357100000,66,172.19.0.4,172.19.0.5,,,,,
65.357804000,70,172.19.0.6,172.19.0.5,4,,,,61
65.357829000,66,172.19.0.5,172.19.0.6,,,,,
66.362732000,75,172.19.0.4,172.19.0.5,3,1,a0,33,62
66.363682000,75,172.19.0.5,172.19.0.6,3,1,a0,33,62
66.363789000,70,172.19.0.5,172.19.0.4,4,,,,62
66.363860000,66,172.19.0.4,172.19.0.5,,,,,
66.364511000,70,172.19.0.6,172.19.0.5,4,,,,62
66.364533000,66,172.19.0.5,172.19.0.6,,,,,
67.358725000,76,172.19.0.4,172.19.0.5,3,1,a0,3239,63
67.359613000,76,172.19.0.5,172.19.0.6,3,1,a0,3239,63
67.359708000,70,172.19.0.5,172.19.0.4,4,,,,63
67.359843000,66,172.19.0.4,172.19.0.5,,,,,
67.360388000,70,172.19.0.6,172.19.0.5,4,,,,63
67.360413000,66,172.19.0.5,172.19.0.6,,,,,
68.358794000,76,172.19.0.4,172.19.0.5,3,1,a0,3437,64
68.359989000,76,172.19.0.5,172.19.0.6,3,1,a0,3437,64
68.360110000,70,172.19.0.5,172.19.0.4,4,,,,64
68.360207000,66,172.19.0.4,172.19.0.5,,,,,
68.361095000,70,172.19.0.6,172.19.0.5,4,,,,64
68.361118000,66,172.19.0.5,172.19.0.6,,,,,
69.360740000,76,172.19.0.4,172.19.0.5,3,1,a0,3736,65
69.362021000,76,172.19.0.5,172.19.0.6,3,1,a0,3736,65
69.362168000,70,172.19.0.5,172.19.0.4,4,,,,65
69.362289000,66,172.19.0.4,172.19.0.5,,,,,
69.362512000,70,172.19.0.6,172.19.0.5,4,,,,65
69.362535000,66,172.19.0.5,172.19.0.6,,,,,
70.363903000,76,172.19.0.4,172.19.0.5,3,1,a0,3539,66
70.364344000,76,172.19.0.5,172.19.0.6,3,1,a0,3539,66
70.364514000,70,172.19.0.5,172.19.0.4,4,,,,66
70.364604000,66,172.19.0.4,172.19.0.5,,,,,
70.364740000,70,172.19.0.6,172.19.0.5,4,,,,66
70.364762000,66,172.19.0.5,172.19.0.6,,,,,
71.366299000,76,172.19.0.4,172.19.0.5,3,1,a0,3830,67
71.367556000,76,172.19.0.5,172.19.0.6,3,1,a0,3830,67
71.367775000,70,172.19.0.5,172.19.0.4,4,,,,67
71.367956000,66,172.19.0.4,172.19.0.5,,,,,
71.368647000,70,172.19.0.6,172.19.0.5,4,,,,67
71.368671000,66,172.19.0.5,172.19.0.6,,,,,
72.365713000,76,172.19.0.4,172.19.0.5,3,1,a0,3139,68
72.366718000,76,172.19.0.5,172.19.0.6,3,1,a0,3139,68
72.366885000,70,172.19.0.5,172.19.0.4,4,,,,68
72.367030000,66,172.19.0.4,172.19.0.5,,,,,
72.367557000,70,172.19.0.6,172.19.0.5,4,,,,68
72.367581000,66,172.19.0.5,172.19.0.6,,,,,
73.363689000,76,172.19.0.4,172.19.0.5,3,1,a0,3633,69
73.364026000,76,172.19.0.5,172.19.0.6,3,1,a0,3633,69
73.364166000,70,172.19.0.5,172.19.0.4,4,,,,69
73.364288000,66,172.19.0.4,172.19.0.5,,,,,
73.364567000,70,172.19.0.6,172.19.0.5,4,,,,69
73.364592000,66,172.19.0.5,172.19.0.6,,,,,
74.368948000,75,172.19.0.4,172.19.0.5,3,1,a0,34,70
74.370249000,75,172.19.0.5,172.19.0.6,3,1,a0,34,70
74.370376000,70,172.19.0.5,172.19.0.4,4,,,,70
74.370465000,66,172.19.0.4,172.19.0.5,,,,,
74.371168000,70,172.19.0.6,172.19.0.5,4,,,,70
74.371193000,66,172.19.0.5,172.19.0.6,,,,,
75.366270000,76,172.19.0.4,172.19.0.5,3,1,a0,3739,71
75.366680000,76,172.19.0.5,172.19.0.6,3,1,a0,3739,71
75.366789000,70,172.19.0.5,172.19.0.4,4,,,,71
75.366898000,66,172.19.0.4,172.19.0.5,,,,,
75.367463000,70,172.19.0.6,172.19.0.5,4,,,,71
75.367487000,66,172.19.0.5,172.19.0.6,,,,,
76.366903000,76,172.19.0.4,172.19.0.5,3,1,a0,3332,72
76.367417000,76,172.19.0.5,172.19.0.6,3,1,a0,3332,72
76.367644000,70,172.19.0.5,172.19.0.4,4,,,,72
76.367755000,66,172.19.0.4,172.19.0.5,,,,,
76.368270000,70,172.19.0.6,172.19.0.5,4,,,,72
76.368293000,66,172.19.0.5,172.19.0.6,,,,,
77.367100000,75,172.19.0.4,172.19.0.5,3,1,a0,31,73
77.367379000,75,172.19.0.5,172.19.0.6,3,1,a0,31,73
77.367520000,70,172.19.0.5,172.19.0.4,4,,,,73
77.367611000,66,172.19.0.4,172.19.0.5,,,,,
77.367876000,70,172.19.0.6,172.19.0.5,4,,,,73
77.367897000,66,172.19.0.5,172.19.0.6,,,,,
78.371677000,75,172.19.0.4,172.19.0.5,3,1,a0,38,74
78.372591000,75,172.19.0.5,172.19.0.6,3,1,a0,38,74
78.372770000,70,172.19.0.5,172.19.0.4,4,,,,74
78.372956000,66,172.19.0.4,172.19.0.5,,,,,
78.373239000,70,172.19.0.6,172.19.0.5,4,,,,74
78.373287000,66,172.19.0.5,172.19.0.6,,,,,
79.370487000,75,172.19.0.4,172.19.0.5,3,1,a0,32,75
79.371291000,75,172.19.0.5,172.19.0.6,3,1,a0,32,75
79.371470000,70,172.19.0.5,172.19.0.4,4,,,,75
79.371659000,66,172.19.0.4,172.19.0.5,,,,,
79.372248000,70,172.19.0.6,172.19.0.5,4,,,,75
79.372275000,66,172.19.0.5,172.19.0.6,,,,,
80.369102000,76,172.19.0.4,172.19.0.5,3,1,a0,3933,76
80.369481000,76,172.19.0.5,172.19.0.6,3,1,a0,3933,76
80.369634000,70,172.19.0.5,172.19.0.4,4,,,,76
80.369738000,66,172.19.0.4,172.19.0.5,,,,,
80.369979000,70,172.19.0.6,172.19.0.5,4,,,,76
80.370003000,66,172.19.0.5,172.19.0.6,,,,,
81.370311000,76,172.19.0.4,172.19.0.5,3,1,a0,3234,77
81.371189000,76,172.19.0.5,172.19.0.6,3,1,a0,3234,77
81.371398000,70,172.19.0.5,172.19.0.4,4,,,,77
81.371564000,66,172.19.0.4,172.19.0.5,,,,,
81.372021000,70,172.19.0.6,172.19.0.5,4,,,,77
81.372061000,66,172.19.0.5,172.19.0.6,,,,,
82.377645000,76,172.19.0.4,172.19.0.5,3,1,a0,3432,78
82.378216000,76,172.19.0.5,172.19.0.6,3,1,a0,3432,78
82.378335000,70,172.19.0.5,172.19.0.4,4,,,,78
82.378439000,66,172.19.0.4,172.19.0.5,,,,,
82.378814000,70,172.19.0.6,172.19.0.5,4,,,,78
82.378839000,66,172.19.0.5,172.19.0.6,,,,,
83.374703000,76,172.19.0.4,172.19.0.5,3,1,a0,3935,79
83.375366000,76,172.19.0.5,172.19.0.6,3,1,a0,3935,79
83.375455000,70,172.19.0.5,172.19.0.4,4,,,,79
83.375546000,66,172.19.0.4,172.19.0.5,,,,,
83.376479000,70,172.19.0.6,172.19.0.5,4,,,,79
83.376503000,66,172.19.0.5,172.19.0.6,,,,,
84.374504000,76,172.19.0.4,172.19.0.5,3,1,a0,3934,80
84.375097000,76,172.19.0.5,172.19.0.6,3,1,a0,3934,80
84.375328000,70,172.19.0.5,172.19.0.4,4,,,,80
84.375405000,66,172.19.0.4,172.19.0.5,,,,,
84.375745000,70,172.19.0.6,172.19.0.5,4,,,,80
84.375767000,66,172.19.0.5,172.19.0.6,,,,,
85.374995000,76,172.19.0.4,172.19.0.5,3,1,a0,3637,81
85.375255000,76,172.19.0.5,172.19.0.6,3,1,a0,3637,81
85.375357000,70,172.19.0.5,172.19.0.4,4,,,,81
85.375446000,66,172.19.0.4,172.19.0.5,,,,,
85.375562000,70,172.19.0.6,172.19.0.5,4,,,,81
85.375583000,66,172.19.0.5,172.19.0.6,,,,,
86.375968000,76,172.19.0.4,172.19.0.5,3,1,a0,3135,82
86.376240000,76,172.19.0.5,172.19.0.6,3,1,a0,3135,82
86.376339000,70,172.19.0.5,172.19.0.4,4,,,,82
86.376433000,66,172.19.0.4,172.19.0.5,,,,,
86.376763000,70,172.19.0.6,172.19.0.5,4,,,,82
86.376789000,66,172.19.0.5,172.19.0.6,,,,,
87.387235000,76,172.19.0.4,172.19.0.5,3,1,a0,3434,83
87.390084000,76,172.19.0.5,172.19.0.6,3,1,a0,3434,83
87.390203000,70,172.19.0.5,172.19.0.4,4,,,,83
87.390349000,66,172.19.0.4,172.19.0.5,,,,,
87.391355000,70,172.19.0.6,172.19.0.5,4,,,,83
87.391410000,66,172.19.0.5,172.19.0.6,,,,,
88.380913000,76,172.19.0.4,172.19.0.5,3,1,a0,3635,84
88.382067000,76,172.19.0.5,172.19.0.6,3,1,a0,3635,84
88.382171000,70,172.19.0.5,172.19.0.4,4,,,,84
88.382310000,66,172.19.0.4,172.19.0.5,,,,,
88.384463000,70,172.19.0.6,172.19.0.5,4,,,,84
88.384487000,66,172.19.0.5,172.19.0.6,,,,,
89.380119000,76,172.19.0.4,172.19.0.5,3,1,a0,3936,85
89.380565000,76,172.19.0.5,172.19.0.6,3,1,a0,3936,85
89.380694000,70,172.19.0.5,172.19.0.4,4,,,,85
89.380796000,66,172.19.0.4,172.19.0.5,,,,,
89.381199000,70,172.19.0.6,172.19.0.5,4,,,,85
89.381222000,66,172.19.0.5,172.19.0.6,,,,,
90.380528000,76,172.19.0.4,172.19.0.5,3,1,a0,3736,86
90.381053000,76,172.19.0.5,172.19.0.6,3,1,a0,3736,86
90.381181000,70,172.19.0.5,172.19.0.4,4,,,,86
90.381281000,66,172.19.0.4,172.19.0.5,,,,,
90.381675000,70,172.19.0.6,172.19.0.5,4,,,,86
90.381699000,66,172.19.0.5,172.19.0.6,,,,,
91.386143000,76,172.19.0.4,172.19.0.5,3,1,a0,3734,87
91.387463000,76,172.19.0.5,172.19.0.6,3,1,a0,3734,87
91.387571000,70,172.19.0.5,172.19.0.4,4,,,,87
91.387740000,66,172.19.0.4,172.19.0.5,,,,,
91.388860000,70,172.19.0.6,172.19.0.5,4,,,,87
91.388884000,66,172.19.0.5,172.19.0.6,,,,,
92.383915000,76,172.19.0.4,172.19.0.5,3,1,a0,3137,88
92.384421000,76,172.19.0.5,172.19.0.6,3,1,a0,3137,88
92.384539000,70,172.19.0.5,172.19.0.4,4,,,,88
92.384648000,66,172.19.0.4,172.19.0.5,,,,,
92.385453000,70,172.19.0.6,172.19.0.5,4,,,,88
92.385658000,66,172.19.0.5,172.19.0.6,,,,,
93.384377000,76,172.19.0.4,172.19.0.5,3,1,a0,3532,89
93.384740000,76,172.19.0.5,172.19.0.6,3,1,a0,3532,89
93.384881000,70,172.19.0.5,172.19.0.4,4,,,,89
93.384979000,66,172.19.0.4,172.19.0.5,,,,,
93.385502000,70,172.19.0.6,172.19.0.5,4,,,,89
93.385524000,66,172.19.0.5,172.19.0.6,,,,,
94.385761000,76,172.19.0.4,172.19.0.5,3,1,a0,3835,90
94.385996000,76,172.19.0.5,172.19.0.6,3,1,a0,3835,90
94.386206000,70,172.19.0.5,172.19.0.4,4,,,,90
94.386333000,66,172.19.0.4,172.19.0.5,,,,,
94.386926000,70,172.19.0.6,172.19.0.5,4,,,,90
94.386962000,66,172.19.0.5,172.19.0.6,,,,,
95.391244000,76,172.19.0.4,172.19.0.5,3,1,a0,3830,91
95.392272000,76,172.19.0.5,172.19.0.6,3,1,a0,3830,91
95.392454000,70,172.19.0.5,172.19.0.4,4,,,,91
95.392637000,66,172.19.0.4,172.19.0.5,,,,,
95.393215000,70,172.19.0.6,172.19.0.5,4,,,,91
95.393245000,66,172.19.0.5,172.19.0.6,,,,,
96.388400000,76,172.19.0.4,172.19.0.5,3,1,a0,3730,92
96.388658000,76,172.19.0.5,172.19.0.6,3,1,a0,3730,92
96.388768000,70,172.19.0.5,172.19.0.4,4,,,,92
96.388874000,66,172.19.0.4,172.19.0.5,,,,,
96.389016000,70,172.19.0.6,172.19.0.5,4,,,,92
96.389038000,66,172.19.0.5,172.19.0.6,,,,,
97.391014000,76,172.19.0.4,172.19.0.5,3,1,a0,3838,93
97.391367000,76,172.19.0.5,172.19.0.6,3,1,a0,3838,93
97.391473000,70,172.19.0.5,172.19.0.4,4,,,,93
97.391565000,66,172.19.0.4,172.19.0.5,,,,,
97.392051000,70,172.19.0.6,172.19.0.5,4,,,,93
97.392116000,66,172.19.0.5,172.19.0.6,,,,,
98.394018000,76,172.19.0.4,172.19.0.5,3,1,a0,3632,94
98.394765000,76,172.19.0.5,172.19.0.6,3,1,a0,3632,94
98.394909000,70,172.19.0.5,172.19.0.4,4,,,,94
98.394997000,66,172.19.0.4,172.19.0.5,,,,,
98.395456000,70,172.19.0.6,172.19.0.5,4,,,,94
98.395480000,66,172.19.0.5,172.19.0.6,,,,,
99.392350000,76,172.19.0.4,172.19.0.5,3,1,a0,3639,95
99.392612000,76,172.19.0.5,172.19.0.6,3,1,a0,3639,95
99.392749000,70,172.19.0.5,172.19.0.4,4,,,,95
99.392874000,66,172.19.0.4,172.19.0.5,,,,,
99.393618000,70,172.19.0.6,172.19.0.5,4,,,,95
99.393642000,66,172.19.0.5,172.19.0.6,,,,,
100.393415000,76,172.19.0.4,172.19.0.5,3,1,a0,3634,96
100.393772000,76,172.19.0.5,172.19.0.6,3,1,a0,3634,96
100.393901000,70,172.19.0.5,172.19.0.4,4,,,,96
100.393999000,66,172.19.0.4,172.19.0.5,,,,,
100.394209000,70,172.19.0.6,172.19.0.5,4,,,,96
100.394233000,66,172.19.0.5,172.19.0.6,,,,,
101.394661000,76,172.19.0.4,172.19.0.5,3,1,a0,3733,97
101.394991000,76,172.19.0.5,172.19.0.6,3,1,a0,3733,97
101.395088000,70,172.19.0.5,172.19.0.4,4,,,,97
101.395169000,66,172.19.0.4,172.19.0.5,,,,,
101.395466000,70,172.19.0.6,172.19.0.5,4,,,,97
101.395495000,66,172.19.0.5,172.19.0.6,,,,,
102.394917000,76,172.19.0.4,172.19.0.5,3,1,a0,3439,98
102.395834000,76,172.19.0.5,172.19.0.6,3,1,a0,3439,98
102.395939000,70,172.19.0.5,172.19.0.4,4,,,,98
102.396091000,66,172.19.0.4,172.19.0.5,,,,,
102.396449000,70,172.19.0.6,172.19.0.5,4,,,,98
102.396469000,66,172.19.0.5,172.19.0.6,,,,,
103.398382000,76,172.19.0.4,172.19.0.5,3,1,a0,3335,99
103.399225000,76,172.19.0.5,172.19.0.6,3,1,a0,3335,99
103.399534000,70,172.19.0.5,172.19.0.4,4,,,,99
103.399693000,66,172.19.0.4,172.19.0.5,,,,,
103.400180000,70,172.19.0.6,172.19.0.5,4,,,,99
103.400205000,66,172.19.0.5,172.19.0.6,,,,,
104.401881000,76,172.19.0.4,172.19.0.5,3,1,a0,3336,100
104.402356000,76,172.19.0.5,172.19.0.6,3,1,a0,3336,100
104.402479000,70,172.19.0.5,172.19.0.4,4,,,,100
104.402757000,66,172.19.0.4,172.19.0.5,,,,,
104.403322000,70,172.19.0.6,172.19.0.5,4,,,,100
104.403348000,66,172.19.0.5,172.19.0.6,,,,,
